>>> a = torch.zeros(3, 3)
>>> a.fill_diagonal_(5)
tensor([[5., 0., 0.],
        [0., 5., 0.],
        [0., 0., 5.]])
>>> b = torch.zeros(7, 3)
>>> b.fill_diagonal_(5)
tensor([[5., 0., 0.],
        [0., 5., 0.],
        [0., 0., 5.],
        [0., 0., 0.],
        [0., 0., 0.],
        [0., 0., 0.],
        [0., 0., 0.]])
>>> c = torch.zeros(7, 3)
>>> c.fill_diagonal_(5, wrap=True)
tensor([[5., 0., 0.],
        [0., 5., 0.],
        [0., 0., 5.],
        [0., 0., 0.],
        [5., 0., 0.],
        [0., 5., 0.],
        [0., 0., 5.]])
